0.000000 349 1 0
0.085770 348 2 0
0.089018 347 3 0
0.095404 346 4 0
0.103638 345 5 0
0.106458 344 6 0
0.108792 343 7 0
0.109604 342 8 0
0.119235 341 9 0
0.120241 340 10 0
0.123546 339 11 0
0.129039 338 12 0
0.131320 337 13 0
0.134547 336 14 0
0.134771 335 15 0
0.134967 334 16 0
0.137012 333 17 0
0.138030 332 18 0
0.139880 331 19 0
0.140272 331 18 1
0.141805 330 19 1
0.142232 329 20 1
0.142343 328 21 1
0.142945 327 22 1
0.143055 327 21 2
0.144813 326 22 2
0.146009 325 23 2
0.146498 325 22 3
0.148193 325 21 4
0.149605 324 22 4
0.154476 323 23 4
0.156760 322 24 4
0.157082 322 23 5
0.159186 321 24 5
0.159453 321 23 6
0.164047 320 24 6
0.165048 320 23 7
0.166002 319 24 7
0.166739 319 23 8
0.168026 318 24 8
0.169024 317 25 8
0.169841 316 26 8
0.170663 315 27 8
0.170805 315 26 9
0.171339 314 27 9
0.171658 313 28 9
0.171909 313 27 10
0.172901 312 28 10
0.173184 311 29 10
0.173273 311 28 11
0.173322 310 29 11
0.174921 309 30 11
0.174992 308 31 11
0.175319 308 30 12
0.175667 307 31 12
0.175708 306 32 12
0.177224 305 33 12
0.177251 304 34 12
0.177671 304 33 13
0.179681 303 34 13
0.179922 303 33 14
0.180192 302 34 14
0.180802 301 35 14
0.181940 300 36 14
0.182208 299 37 14
0.182635 298 38 14
0.183176 298 37 15
0.184555 297 38 15
0.186281 296 39 15
0.186961 296 38 16
0.187560 295 39 16
0.188560 294 40 16
0.190051 293 41 16
0.193257 292 42 16
0.193312 291 43 16
0.193535 290 44 16
0.193823 290 43 17
0.194612 290 42 18
0.194752 289 43 18
0.195224 288 44 18
0.196130 287 45 18
0.196222 286 46 18
0.196337 285 47 18
0.196383 284 48 18
0.196817 283 49 18
0.197533 282 50 18
0.197619 281 51 18
0.199066 280 52 18
0.199198 279 53 18
0.199397 279 52 19
0.199559 278 53 19
0.200655 277 54 19
0.201320 276 55 19
0.203646 275 56 19
0.204844 274 57 19
0.205568 274 56 20
0.205749 273 57 20
0.206165 272 58 20
0.206725 271 59 20
0.207053 270 60 20
0.207111 269 61 20
0.207197 268 62 20
0.207766 267 63 20
0.208113 267 62 21
0.208359 267 61 22
0.210314 266 62 22
0.210824 266 61 23
0.211413 265 62 23
0.212098 264 63 23
0.212369 264 62 24
0.212403 263 63 24
0.212439 262 64 24
0.212675 262 63 25
0.212782 261 64 25
0.213824 260 65 25
0.214082 260 64 26
0.215168 259 65 26
0.215280 259 64 27
0.215321 258 65 27
0.216647 257 66 27
0.216903 256 67 27
0.217338 255 68 27
0.217675 255 67 28
0.218299 254 68 28
0.218582 253 69 28
0.219473 252 70 28
0.219919 251 71 28
0.220179 250 72 28
0.221408 249 73 28
0.221453 248 74 28
0.221540 247 75 28
0.221692 246 76 28
0.222042 245 77 28
0.222701 245 76 29
0.222794 244 77 29
0.222802 243 78 29
0.222971 242 79 29
0.223027 241 80 29
0.224099 240 81 29
0.224389 240 80 30
0.224418 239 81 30
0.224668 238 82 30
0.225638 238 81 31
0.225838 237 82 31
0.225874 236 83 31
0.226263 236 82 32
0.227040 235 83 32
0.227821 234 84 32
0.227909 233 85 32
0.228022 232 86 32
0.228181 231 87 32
0.228523 230 88 32
0.228949 230 87 33
0.228984 230 86 34
0.229023 230 85 35
0.229116 230 84 36
0.229881 229 85 36
0.233228 228 86 36
0.233720 227 87 36
0.233750 226 88 36
0.233814 225 89 36
0.234023 224 90 36
0.234467 224 89 37
0.234830 223 90 37
0.235231 222 91 37
0.235494 221 92 37
0.236289 220 93 37
0.237094 220 92 38
0.237439 219 93 38
0.240807 218 94 38
0.241394 218 93 39
0.241702 217 94 39
0.241869 217 93 40
0.241893 217 92 41
0.241958 217 91 42
0.242105 217 90 43
0.242316 217 89 44
0.242543 216 90 44
0.242622 215 91 44
0.243692 215 90 45
0.244574 214 91 45
0.245049 213 92 45
0.245050 212 93 45
0.245094 212 92 46
0.245175 211 93 46
0.245189 211 92 47
0.245696 210 93 47
0.245729 210 92 48
0.245847 210 91 49
0.246628 209 92 49
0.246756 208 93 49
0.247286 208 92 50
0.247303 207 93 50
0.247374 206 94 50
0.247398 205 95 50
0.247558 204 96 50
0.247684 204 95 51
0.247865 203 96 51
0.248156 202 97 51
0.248270 201 98 51
0.248650 200 99 51
0.248830 200 98 52
0.248980 199 99 52
0.249500 199 98 53
0.250256 198 99 53
0.250362 198 98 54
0.251523 197 99 54
0.251607 197 98 55
0.251623 197 97 56
0.251994 196 98 56
0.252382 195 99 56
0.252394 194 100 56
0.252498 194 99 57
0.254664 193 100 57
0.255044 193 99 58
0.255292 192 100 58
0.255557 191 101 58
0.255644 190 102 58
0.255703 190 101 59
0.255918 189 102 59
0.256108 189 101 60
0.256488 188 102 60
0.256772 187 103 60
0.256776 186 104 60
0.257425 185 105 60
0.257977 184 106 60
0.258198 183 107 60
0.258926 183 106 61
0.258946 183 105 62
0.259689 182 106 62
0.260179 182 105 63
0.260432 181 106 63
0.260453 181 105 64
0.261130 180 106 64
0.261192 179 107 64
0.261281 179 106 65
0.261854 178 107 65
0.262070 177 108 65
0.262464 177 107 66
0.262857 176 108 66
0.263035 175 109 66
0.263050 175 108 67
0.263274 174 109 67
0.264156 173 110 67
0.264601 172 111 67
0.264733 171 112 67
0.265120 171 111 68
0.266200 171 110 69
0.267904 171 109 70
0.267932 171 108 71
0.268691 170 109 71
0.268755 169 110 71
0.268838 168 111 71
0.269458 168 110 72
0.269679 167 111 72
0.269683 166 112 72
0.269720 165 113 72
0.269773 164 114 72
0.269775 163 115 72
0.270840 162 116 72
0.270880 162 115 73
0.271458 161 116 73
0.271979 160 117 73
0.272038 160 116 74
0.272214 160 115 75
0.272337 160 114 76
0.272711 160 113 77
0.273452 159 114 77
0.273453 158 115 77
0.273470 158 114 78
0.273740 158 113 79
0.274815 158 112 80
0.275104 157 113 80
0.275741 156 114 80
0.276047 156 113 81
0.276123 156 112 82
0.276414 156 111 83
0.276494 156 110 84
0.276728 156 109 85
0.277131 156 108 86
0.277216 155 109 86
0.277599 155 108 87
0.277738 154 109 87
0.278116 154 108 88
0.278539 153 109 88
0.278672 152 110 88
0.279415 151 111 88
0.279548 151 110 89
0.279605 151 109 90
0.279608 151 108 91
0.279776 150 109 91
0.279828 149 110 91
0.279896 149 109 92
0.280006 148 110 92
0.280425 147 111 92
0.280459 146 112 92
0.282666 146 111 93
0.283107 146 110 94
0.283905 146 109 95
0.284434 145 110 95
0.284894 144 111 95
0.285467 143 112 95
0.285803 142 113 95
0.285989 141 114 95
0.286765 141 113 96
0.286823 140 114 96
0.286918 139 115 96
0.287443 139 114 97
0.287569 139 113 98
0.287884 138 114 98
0.288203 138 113 99
0.288819 137 114 99
0.289465 137 113 100
0.289624 137 112 101
0.289728 136 113 101
0.289901 135 114 101
0.290099 134 115 101
0.290453 134 114 102
0.292659 133 115 102
0.293365 132 116 102
0.293637 132 115 103
0.294439 131 116 103
0.294601 131 115 104
0.294686 131 114 105
0.295385 131 113 106
0.295386 131 112 107
0.295684 130 113 107
0.296119 130 112 108
0.296422 129 113 108
0.296730 129 112 109
0.297055 128 113 109
0.297102 128 112 110
0.297655 127 113 110
0.298212 126 114 110
0.298386 125 115 110
0.298876 125 114 111
0.299093 124 115 111
0.299226 123 116 111
0.299381 123 115 112
0.299724 122 116 112
0.299851 121 117 112
0.300047 121 116 113
0.300454 120 117 113
0.300537 120 116 114
0.301068 120 115 115
0.301188 119 116 115
0.302618 118 117 115
0.302712 118 116 116
0.303478 118 115 117
0.303554 117 116 117
0.303782 116 117 117
0.304238 115 118 117
0.304836 114 119 117
0.305384 113 120 117
0.305635 113 119 118
0.306022 113 118 119
0.306467 112 119 119
0.307209 111 120 119
0.307818 111 119 120
0.308108 110 120 120
0.308853 109 121 120
0.310033 109 120 121
0.311315 108 121 121
0.311443 108 120 122
0.311944 108 119 123
0.312070 107 120 123
0.312071 106 121 123
0.312427 105 122 123
0.312991 105 121 124
0.313162 104 122 124
0.313171 104 121 125
0.313730 104 120 126
0.314066 104 119 127
0.314369 104 118 128
0.314724 104 117 129
0.314805 104 116 130
0.314856 104 115 131
0.315163 103 116 131
0.315345 103 115 132
0.315931 103 114 133
0.316799 102 115 133
0.316962 102 114 134
0.317119 101 115 134
0.317524 100 116 134
0.317693 99 117 134
0.317798 99 116 135
0.317953 99 115 136
0.318823 99 114 137
0.319003 99 113 138
0.319062 99 112 139
0.320445 99 111 140
0.320547 99 110 141
0.322323 98 111 141
0.322404 98 110 142
0.322624 97 111 142
0.322655 96 112 142
0.322947 95 113 142
0.322987 94 114 142
0.323596 93 115 142
0.323735 92 116 142
0.324299 91 117 142
0.324410 90 118 142
0.324763 90 117 143
0.325042 90 116 144
0.325066 89 117 144
0.325628 88 118 144
0.326163 87 119 144
0.326644 86 120 144
0.326941 86 119 145
0.327035 86 118 146
0.327322 86 117 147
0.327541 86 116 148
0.327795 86 115 149
0.328596 86 114 150
0.328673 85 115 150
0.329051 84 116 150
0.329328 84 115 151
0.330179 83 116 151
0.331146 83 115 152
0.331349 82 116 152
0.331436 82 115 153
0.332306 82 114 154
0.332647 81 115 154
0.332765 81 114 155
0.334058 81 113 156
0.334358 81 112 157
0.334679 81 111 158
0.334985 81 110 159
0.335235 80 111 159
0.336960 80 110 160
0.337518 79 111 160
0.337573 79 110 161
0.338503 79 109 162
0.339552 78 110 162
0.341100 78 109 163
0.341870 78 108 164
0.342862 78 107 165
0.343500 78 106 166
0.343856 78 105 167
0.344472 78 104 168
0.344595 77 105 168
0.344720 77 104 169
0.344982 77 103 170
0.345258 77 102 171
0.345443 76 103 171
0.345858 75 104 171
0.347652 74 105 171
0.347672 73 106 171
0.348694 72 107 171
0.348746 71 108 171
0.350657 70 109 171
0.351075 70 108 172
0.352075 70 107 173
0.352187 69 108 173
0.352468 69 107 174
0.352995 68 108 174
0.353000 68 107 175
0.353058 67 108 175
0.354359 66 109 175
0.355118 65 110 175
0.355526 64 111 175
0.355858 64 110 176
0.356169 63 111 176
0.356832 63 110 177
0.357237 63 109 178
0.357740 63 108 179
0.358717 62 109 179
0.360076 61 110 179
0.360545 60 111 179
0.360655 59 112 179
0.360918 59 111 180
0.360966 59 110 181
0.361623 58 111 181
0.362231 58 110 182
0.362351 58 109 183
0.362413 58 108 184
0.362465 58 107 185
0.362561 58 106 186
0.362744 58 105 187
0.363517 58 104 188
0.363686 58 103 189
0.363966 57 104 189
0.364035 57 103 190
0.364464 57 102 191
0.365303 57 101 192
0.366138 56 102 192
0.366733 56 101 193
0.366886 55 102 193
0.367314 55 101 194
0.367371 55 100 195
0.368596 54 101 195
0.368625 53 102 195
0.368806 52 103 195
0.370317 52 102 196
0.370821 52 101 197
0.371336 52 100 198
0.374505 52 99 199
0.375622 52 98 200
0.375983 52 97 201
0.376482 52 96 202
0.376677 52 95 203
0.378122 52 94 204
0.378168 52 93 205
0.378419 52 92 206
0.379179 52 91 207
0.380848 52 90 208
0.381264 52 89 209
0.381555 52 88 210
0.381751 51 89 210
0.381939 51 88 211
0.382765 51 87 212
0.383243 51 86 213
0.383511 51 85 214
0.383748 51 84 215
0.385544 51 83 216
0.387975 50 84 216
0.389672 50 83 217
0.390464 49 84 217
0.390605 48 85 217
0.392357 48 84 218
0.392771 47 85 218
0.393329 47 84 219
0.394454 47 83 220
0.394761 46 84 220
0.394772 45 85 220
0.395194 45 84 221
0.397369 45 83 222
0.397429 45 82 223
0.398528 45 81 224
0.398722 44 82 224
0.399617 44 81 225
0.400466 44 80 226
0.400595 44 79 227
0.400841 44 78 228
0.401920 43 79 228
0.402232 43 78 229
0.402532 42 79 229
0.403262 42 78 230
0.404543 41 79 230
0.405166 41 78 231
0.405801 41 77 232
0.406721 41 76 233
0.407308 40 77 233
0.407730 40 76 234
0.409582 39 77 234
0.409616 39 76 235
0.410621 39 75 236
0.410669 39 74 237
0.411481 38 75 237
0.411783 37 76 237
0.412496 37 75 238
0.412910 36 76 238
0.413094 36 75 239
0.415291 36 74 240
0.417527 36 73 241
0.417663 36 72 242
0.418244 36 71 243
0.418671 36 70 244
0.419403 35 71 244
0.420165 35 70 245
0.421586 34 71 245
0.421925 34 70 246
0.426273 34 69 247
0.426783 34 68 248
0.428343 34 67 249
0.428470 33 68 249
0.428810 32 69 249
0.429610 31 70 249
0.430528 31 69 250
0.431824 30 70 250
0.432846 29 71 250
0.434140 29 70 251
0.435490 29 69 252
0.435544 29 68 253
0.436145 29 67 254
0.436979 29 66 255
0.438978 29 65 256
0.442773 28 66 256
0.443560 28 65 257
0.443911 28 64 258
0.443927 28 63 259
0.444633 28 62 260
0.447165 28 61 261
0.447797 28 60 262
0.450218 28 59 263
0.451754 28 58 264
0.452725 28 57 265
0.454999 27 58 265
0.455110 27 57 266
0.455929 27 56 267
0.458071 27 55 268
0.459192 27 54 269
0.460270 27 53 270
0.461153 26 54 270
0.462334 26 53 271
0.462340 25 54 271
0.463559 24 55 271
0.464060 24 54 272
0.466538 24 53 273
0.468178 24 52 274
0.477572 24 51 275
0.478636 24 50 276
0.481878 23 51 276
0.487378 23 50 277
0.487689 22 51 277
0.487945 22 50 278
0.489180 22 49 279
0.494389 22 48 280
0.496861 21 49 280
0.499794 21 48 281
0.504885 20 49 281
0.508926 20 48 282
0.510170 20 47 283
0.510958 20 46 284
0.514118 20 45 285
0.514273 20 44 286
0.515705 19 45 286
0.515982 19 44 287
0.517285 19 43 288
0.517930 19 42 289
0.519777 18 43 289
0.521743 18 42 290
0.525432 18 41 291
0.525702 17 42 291
0.528173 17 41 292
0.529819 17 40 293
0.530754 17 39 294
0.536708 17 38 295
0.539256 17 37 296
0.544928 17 36 297
0.547929 17 35 298
0.548904 17 34 299
0.549822 17 33 300
0.554610 17 32 301
0.555530 17 31 302
0.565581 17 30 303
0.565951 17 29 304
0.568957 17 28 305
0.569444 17 27 306
0.571178 17 26 307
0.572178 17 25 308
0.575706 17 24 309
0.577049 17 23 310
0.582658 17 22 311
0.589628 17 21 312
0.592076 17 20 313
0.599388 16 21 313
0.605121 16 20 314
0.610910 16 19 315
0.614432 16 18 316
0.619498 16 17 317
0.621388 16 16 318
0.628821 16 15 319
0.640375 16 14 320
0.641026 16 13 321
0.653421 16 12 322
0.657312 16 11 323
0.659466 16 10 324
0.660422 15 11 324
0.662179 14 12 324
0.680989 14 11 325
0.689548 14 10 326
0.703517 14 9 327
0.704438 14 8 328
0.710114 14 7 329
0.724657 14 6 330
0.725483 14 5 331
0.811594 13 6 331
0.839390 12 7 331
0.848299 12 6 332
0.849672 12 5 333
0.903806 12 4 334
0.917119 12 3 335
0.948075 12 2 336
0.976151 12 1 337
1.045803 12 0 338