       0
       0
       0
       0
       0
       0
       0
       0
       0
       0
       1
       1
       1
       1
       1
       1
       1
       1
       2
       2
       2
       2
       2
       2
       0
       0
       0
       0
       0
       0
       0
       0
       0
       0
       4
      11
      13
      30
      43
      82
     118
     162
     218
     254
     393
     460
     626
    1013
    1628
    2040
    2039
    4906
    5679
    6992
    9070
   10187
   12206
   16026
   17779
   21874
   24421
   30250
   33283
   40501
   46406
   51224
   54968
   58598
   63460
   68200
   72084
   74974
   77488
   80002
   80925
   82897
   84689
   85407
   85610
   86524
   87312
   87231
   87616
   86981
   88083
   90836
   96040
   96886
  100864
   98771
  100382
  100757
  101617
   88111
   87295
   86072
   85069
   84403
   79695
   76842
   78623
   74234
   73300
   71240
   70230
   68466
   66866
   65410
   63148
   61563
   63553
   62130
   60764
   58845
   57941
   56689
   56689
   53521
   53883
   54291
   54721
   55820
   56236
   56644
   58190
   58766
   58766
   60411
   61067
   61727
   61976
   62135
   62429
   62822
   63151
   63468
   63799
   64038
   64205
   64454
   64768
   65195
   65697
   66093
   66416
   66597
   66816
   67171
   67756
   66884
   67240
   67573
   67804
   68051
   68383
   68780
   69191
   69752
   70051
   70248
   70540
   70919
   71359
   71784
   71784
   71784
   73025
   73362
   73741
   74279
   75129
   75129
   75129
   77171
   77834
   78705
   80063
   81459
   81459
   81459
   86038
   87394
   88749
   91361
   93613
   93613
   93613
   99972
  101798
  103824
  106611
  109701
  109701
  109701
  118206
  123940
  126892
  130979
  135483
  135483
  135483
  144028
  147655
  150829
  158353
  163820
  163820
  163820
  180060
  185150
  191694
  198717
  206840
  206840
  206840
  226188
  233253
  240502
  250135
  259899
  259899
  259899
  283388
  291445
  299984
  308903
  319195
  319195
  319195
  345657
  354543
  363375
  374068
  386203
  386203
  386203
  413506
  422787
  433741
  444870
  459169
  459169
  459169
  490429
  500987
  512146
  522715
  534873
  534873
  534873
  566479
  566479
  587021
  596258
  607470
  607470
  607470
  630811
  642548
  652963
  665260
  677807
  677807
  677807
  705468
  712506
  724267
  737445
  752409
  752409
  752409
  790081
  803736
  820553
  841384
  861004
  861004
  861004
  912913
  931064
  950661
  974068
  999424
  999424
  999424
 1054064
 1072495
 1095914
 1117454
 1139623
 1139623
 1139623
 1191497
 1191497
 1227228
 1246383
 1267446
 1267446
 1267446
 1305235
 1317959
 1332926
 1348907
 1363735
 1363735
 1363735
 1389109
 1400800
 1410653
 1422605
 1433164
 1433164
 1433164
 1452742
 1460557
 1469615
 1479488
 1488019
 1488019
 1488019
 1505306
 1505306
 1514706
 1522336
 1532575
 1532575
 1532575
 1553495
 1563435
 1574318
 1586268
 1597934
 1597934
 1597934
 1619613
 1630007
 1642215
 1654751
 1654751
 1654751
 1654751
